-7.785316556692123413e-02
3.148767724633216858e-02
4.882804304361343384e-02
4.697035998106002808e-02
2.405275963246822357e-02
2.782237157225608826e-02
7.890409976243972778e-02
7.187432795763015747e-02
3.563926368951797485e-02
-3.666606917977333069e-02
-3.653838112950325012e-02
3.614937514066696167e-02
2.759219892323017120e-02
8.145279251039028168e-03
3.189978748559951782e-02
7.073074579238891602e-02
1.956279017031192780e-02
-1.990879327058792114e-02
2.453492395579814911e-02
6.738272961229085922e-03
1.663228683173656464e-02
4.634876549243927002e-02
-3.740843385457992554e-02
-5.672015994787216187e-02
2.934898994863033295e-02
6.712782382965087891e-02
2.187835797667503357e-02
1.094485912472009659e-02
-2.443685941398143768e-02
-7.651977241039276123e-02
3.996206820011138916e-02
8.744794875383377075e-02
1.655784249305725098e-02
5.499965324997901917e-02
7.245521992444992065e-02
-2.180010825395584106e-02
1.931600831449031830e-02
3.319556638598442078e-02
-1.848372630774974823e-02
6.739906966686248779e-02
-4.511146340519189835e-03
2.362188324332237244e-02
1.708558388054370880e-02
1.192792318761348724e-02
2.858385816216468811e-02
5.468039214611053467e-02
5.780424922704696655e-02
1.574775762856006622e-02
1.810877956449985504e-02
4.039367559016682208e-05
6.276700645685195923e-03
6.306868512183427811e-03
2.806621370837092400e-03
3.673874586820602417e-02
6.114328280091285706e-03
-7.361360639333724976e-02
2.197879832237958908e-03
-3.791582956910133362e-02
3.096628375351428986e-02
5.174442008137702942e-02
5.211593210697174072e-02
1.200255379080772400e-02
-4.037710838019847870e-03
-3.204064071178436279e-02
-4.462969081941992044e-04
5.831817537546157837e-02
6.213985383510589600e-02
1.502304244786500931e-02
2.422107569873332977e-02
3.046296164393424988e-02
1.694837585091590881e-03
2.512352354824542999e-02
5.954293906688690186e-02
5.393018200993537903e-02
-4.321916960179805756e-03
4.547587782144546509e-02
-2.782495692372322083e-02
-3.998534381389617920e-02
5.848448351025581360e-02
-2.175490185618400574e-02
6.261207908391952515e-02
-3.104871511459350586e-02
1.519568078219890594e-02
2.737492322921752930e-02
1.271449774503707886e-02
-5.049926042556762695e-02
6.098432000726461411e-03
7.519637048244476318e-02
2.385430969297885895e-02
4.083390533924102783e-02
-3.121484257280826569e-02
4.191376268863677979e-02
3.067579865455627441e-02
-1.103596761822700500e-02
-5.216068588197231293e-03
2.172655612230300903e-02
-2.151365950703620911e-02
3.497841954231262207e-02
2.102297917008399963e-02
7.453265041112899780e-02
4.669412970542907715e-02
-1.111753471195697784e-02
1.090824697166681290e-02
-4.484442248940467834e-02
3.028927929699420929e-02
1.200485415756702423e-02
1.588032231666147709e-03
3.281918540596961975e-02
1.708372868597507477e-02
3.264280036091804504e-02
7.257363945245742798e-02
1.607004180550575256e-02
-3.694148734211921692e-02
1.915880129672586918e-03
2.191646769642829895e-02
-5.193756427615880966e-03
-5.320903286337852478e-02
3.822647035121917725e-02
3.735307604074478149e-02
6.999156624078750610e-02
5.535965785384178162e-02
-3.033118695020675659e-02
2.656779438257217407e-02
9.681049734354019165e-03
6.061271578073501587e-02
3.173515945672988892e-02
4.097373038530349731e-02
-5.569289997220039368e-02
1.919414103031158447e-02
-3.592303721234202385e-03
8.786920458078384399e-03
-1.799994520843029022e-02
4.430006816983222961e-02
-4.240185953676700592e-03
-2.830441109836101532e-02
5.080176144838333130e-02
6.102780997753143311e-02
-2.335750125348567963e-02
1.813776604831218719e-02
2.124389633536338806e-02
-6.862417608499526978e-02
8.666734211146831512e-03
2.188246324658393860e-02
2.415482327342033386e-02
4.379479214549064636e-02
-4.732076078653335571e-02
2.457605861127376556e-02
-1.096879411488771439e-02
1.813833042979240417e-02
-6.638422142714262009e-03
1.487898174673318863e-02
5.941057950258255005e-02
6.345666199922561646e-02
4.045846685767173767e-02
4.731751233339309692e-02
6.023922935128211975e-03
-4.207618162035942078e-02
3.474076464772224426e-02
-8.176065981388092041e-02
3.089154697954654694e-02
2.549510449171066284e-02
2.357736416161060333e-02
5.506822466850280762e-02
5.282643064856529236e-02
-4.323732107877731323e-02
-4.851530119776725769e-02
-2.516908012330532074e-02
3.312587738037109375e-02
5.058339610695838928e-02
-2.540887147188186646e-02
1.709939166903495789e-02
-4.423251375555992126e-02
3.869859501719474792e-02
3.028250671923160553e-02
-4.783937335014343262e-02
1.501212734729051590e-02
1.148970797657966614e-02
3.534185886383056641e-02
5.506496876478195190e-02
-4.760599136352539062e-02
2.060572616755962372e-02
-1.155075710266828537e-02
4.014449194073677063e-02
8.907373063266277313e-03
-1.120281293988227844e-01
6.856408715248107910e-02
2.622475475072860718e-02
9.843706153333187103e-03
5.349723994731903076e-02
-7.235024124383926392e-02
-3.685737727209925652e-03
4.138209857046604156e-03
2.996141463518142700e-02
3.755371272563934326e-02
6.506967544555664062e-02
3.769925609230995178e-02
6.942290812730789185e-02
2.306221798062324524e-02
-5.752662196755409241e-02
4.924120008945465088e-02
1.503273379057645798e-02
3.320134431123733521e-02
-9.238390624523162842e-02
-5.280225351452827454e-02
1.312935911118984222e-02
3.560169413685798645e-02
4.132417589426040649e-02
3.072025999426841736e-02
-3.330807015299797058e-02
1.862776093184947968e-02
3.764891624450683594e-02
-3.937304951250553131e-03
-6.867837160825729370e-02
4.291288182139396667e-02
4.794543236494064331e-02
1.347359921783208847e-02
4.552591126412153244e-03
2.389672026038169861e-02
2.556948550045490265e-02
6.921686232089996338e-02
-3.060132078826427460e-02
3.444335237145423889e-02
3.190308064222335815e-02
-2.561893872916698456e-02
3.668254986405372620e-02
2.114308066666126251e-02
1.639890298247337341e-02
1.648463681340217590e-02
2.936880476772785187e-02
4.552241042256355286e-02
-5.709911696612834930e-03
8.256431668996810913e-03
7.129008322954177856e-02
1.923068985342979431e-02
3.207224979996681213e-02
2.921021729707717896e-02
7.350768148899078369e-02
6.584538519382476807e-02
1.738050021231174469e-02
3.632850572466850281e-02
-4.217601194977760315e-02
-2.188209258019924164e-02
2.242532372474670410e-02
5.679725110530853271e-02
1.326288282871246338e-02
-5.940941348671913147e-02
2.411188557744026184e-02
2.312004566192626953e-02
-3.299502655863761902e-02
4.868253320455551147e-02
4.794808849692344666e-02
1.809930615127086639e-02
4.884753748774528503e-02
-2.881757169961929321e-02
4.213295876979827881e-02
-6.273380666971206665e-02
