-3.002691781148314476e-03
-3.000679425895214081e-03
-3.002710640430450439e-03
-1.083325982093811035e+00
3.590783596038818359e+00
-3.002729965373873711e-03
5.140239000320434570e-01
-3.002658253535628319e-03
-3.002586541697382927e-03
1.474619984626770020e+00
3.704849243164062500e+00
-3.002719720825552940e-03
3.212155580520629883e+00
-3.002737648785114288e-03
-3.002717392519116402e-03
-3.002732526510953903e-03
-1.974197864532470703e+00
-3.002423560246825218e-03
1.163270592689514160e+00
2.231220006942749023e+00
-3.002435667440295219e-03
-2.998386276885867119e-03
-3.001864301040768623e-03
-3.002689918503165245e-03
7.550558447837829590e-01
-3.001768607646226883e-03
-2.999492222443223000e-03
-3.273762762546539307e-01
-1.878957748413085938e+00
9.573040008544921875e-01
9.719789028167724609e-01
7.139182686805725098e-01
-3.002509009093046188e-03
7.725344300270080566e-01
-3.002715529873967171e-03
3.535857498645782471e-01
-3.002175129950046539e-03
3.838050842285156250e+00
-3.002336015924811363e-03
2.347855716943740845e-01
-3.001703415066003799e-03
3.460962772369384766e+00
-2.375343084335327148e+00
-3.002740209922194481e-03
-7.254226207733154297e-01
-1.575004577636718750e+00
4.799107611179351807e-01
-3.002676414325833321e-03
2.619699716567993164e+00
4.491739869117736816e-01
-3.001195844262838364e-03
-3.002632642164826393e-03
5.879150629043579102e-01
-3.002667101100087166e-03
4.463461399078369141e+00
-3.002645215019583702e-03
-3.002637997269630432e-03
1.503687381744384766e+00
-3.002686891704797745e-03
-3.002735087648034096e-03
2.900603055953979492e+00
1.312298178672790527e+00
-3.002707380801439285e-03
8.397884964942932129e-01
-2.450043439865112305e+00
-3.002563957124948502e-03
4.270266056060791016e+00
-7.714946269989013672e-01
-2.995373914018273354e-03
-3.002738812938332558e-03
-3.002685960382223129e-03
8.646672368049621582e-01
-3.002717625349760056e-03
3.267620086669921875e+00
-3.002361627295613289e-03
-3.002729034051299095e-03
4.543636798858642578e+00
-3.002673387527465820e-03
1.913042664527893066e+00
-3.002703655511140823e-03
2.504872083663940430e+00
5.331170082092285156e+00
-3.002739278599619865e-03
-3.002501325681805611e-03
-3.002379555255174637e-03
-3.002726938575506210e-03
4.805510044097900391e+00
-3.001336706802248955e-03
-3.002683399245142937e-03
-3.002668032422661781e-03
-3.002708544954657555e-03
1.585191488265991211e+00
-3.002713201567530632e-03
4.324420168995857239e-02
2.128479957580566406e+00
-3.002372104674577713e-03
-2.009377002716064453e+00
-3.002714365720748901e-03
6.771955490112304688e-01
2.932358980178833008e-01
-3.002710640430450439e-03
2.657077610492706299e-01
-1.179163813591003418e+00
5.208871364593505859e-01
-3.002641722559928894e-03
-3.002717858180403709e-03
9.309814572334289551e-01
-3.002732759341597557e-03
1.111306905746459961e+00
-4.499689042568206787e-01
-3.002685727551579475e-03
-1.390009999275207520e+00
-3.002706449478864670e-03
6.435946822166442871e-01
1.430731177330017090e+00
1.354099154472351074e+00
-3.002683864906430244e-03
4.579787731170654297e+00
-8.758744001388549805e-01
3.178318738937377930e+00
-3.002655925229191780e-03
-2.403540134429931641e+00
-3.888291493058204651e-02
-3.002742538228631020e-03
8.766601979732513428e-02
-3.002724843099713326e-03
3.623920202255249023e+00
3.176666021347045898e+00
2.491183519363403320e+00
-3.002700628712773323e-03
7.755948901176452637e-01
-3.002739511430263519e-03
-2.997899195179343224e-03
-3.002719022333621979e-03
1.422283053398132324e+00
-3.002711804583668709e-03
2.733701944351196289e+00
5.640427112579345703e+00
-3.002375131472945213e-03
-3.002731828019022942e-03
-3.002734156325459480e-03
3.448284626007080078e+00
-4.025261998176574707e-01
-3.002701327204704285e-03
-2.857742365449666977e-03
-3.002714831382036209e-03
-3.002686193212866783e-03
-3.002720884978771210e-03
-3.778313398361206055e-01
5.288379192352294922e-01
3.585530996322631836e+00
-2.717880010604858398e+00
-3.076761728152632713e-03
-3.002610756084322929e-03
-3.001432633027434349e-03
-1.736525744199752808e-01
1.998918175697326660e+00
-3.001354169100522995e-03
3.025526285171508789e+00
-3.002707613632082939e-03
-3.002471989020705223e-03
-3.002191195264458656e-03
-3.002705983817577362e-03
-3.002516925334930420e-03
4.861349165439605713e-01
4.593801021575927734e+00
3.809326887130737305e-01
-3.000796772539615631e-03
2.223688662052154541e-01
-3.002695739269256592e-03
1.582687854766845703e+00
3.921703398227691650e-01
1.521616935729980469e+00
-3.002739744260907173e-03
-5.740920901298522949e-01
-3.002694807946681976e-03
1.112543225288391113e+00
7.160741686820983887e-01
-1.363289356231689453e+00
-3.002720419317483902e-03
-3.002306446433067322e-03
-3.002616809681057930e-03
-3.002721117809414864e-03
7.784587740898132324e-01
1.873428702354431152e+00
-9.565605521202087402e-01
-3.002714598551392555e-03
5.384898185729980469e-01
-3.002706216648221016e-03
-3.002255689352750778e-03
-3.002377925440669060e-03
3.734490156173706055e+00
-3.001314355060458183e-03
-3.002703655511140823e-03
2.795680999755859375e+00
-2.393735647201538086e+00
-3.002315061166882515e-03
-2.402394711971282959e-01
-4.837636649608612061e-01
1.219516515731811523e+00
-3.002720419317483902e-03
-2.996500814333558083e-03
4.668564319610595703e+00
-3.002536715939640999e-03
2.265747547149658203e+00
-3.002427751198410988e-03
-3.002720652148127556e-03
-3.002623794600367546e-03
-5.089831948280334473e-01
8.338065743446350098e-01
-3.002725075930356979e-03
-3.002520184963941574e-03
-3.002714132890105247e-03
-6.760742664337158203e-01
-6.274315714836120605e-01
1.296352624893188477e+00
3.688411235809326172e+00
2.459749221801757812e+00
-1.697864383459091187e-01
3.733138740062713623e-01
-3.002702724188566208e-03
-3.002638695761561394e-03
-1.251567751169204712e-01
2.281165599822998047e+00
2.342739999294281006e-01
-2.136518478393554688e+00
4.020422458648681641e+00
-3.002727404236793518e-03
-3.002714831382036209e-03
2.777530848979949951e-01
3.866511821746826172e+00
-1.158794760704040527e+00
2.886755943298339844e+00
-2.227670997381210327e-01
3.415009737014770508e+00
4.097478389739990234e+00
1.438559174537658691e+00
-1.694745659828186035e+00
1.337372422218322754e+00
1.089135408401489258e+00
3.857809066772460938e+00
-3.002732759341597557e-03
-3.002700861543416977e-03
-3.001276869326829910e-03
-3.002711338922381401e-03
-3.002713667228817940e-03
1.209840416908264160e+00
-3.002651967108249664e-03
-7.667423486709594727e-01
-3.002701327204704285e-03
-3.002729499712586403e-03
-1.173997640609741211e+00
5.118041038513183594e+00
-3.002694575116038322e-03
1.587504506111145020e+00
-1.301907658576965332e+00
