-5.100802898406982422e+00
-6.528248786926269531e+00
2.284202814102172852e+00
-5.002356052398681641e+00
-5.693187713623046875e+00
-7.114116668701171875e+00
-4.254691600799560547e+00
-1.680188369750976562e+01
-8.463388442993164062e+00
-5.907326221466064453e+00
-6.172285556793212891e+00
-8.664289474487304688e+00
-3.652894496917724609e+00
2.446995019912719727e+00
-5.237667560577392578e+00
2.818274497985839844e+00
-5.087289810180664062e+00
-1.464714407920837402e+00
-9.854689598083496094e+00
-7.975044727325439453e+00
-9.367347717285156250e+00
-7.339459896087646484e+00
-3.610199689865112305e+00
-3.175322115421295166e-01
1.587772965431213379e+00
-5.133350849151611328e+00
-4.005553245544433594e+00
-1.335567092895507812e+01
-3.439163684844970703e+00
-8.626930236816406250e+00
-3.503998041152954102e+00
-7.422308921813964844e+00
2.693210840225219727e+00
-1.111775493621826172e+01
-4.113567829132080078e+00
2.310139417648315430e+00
-7.251148700714111328e+00
-2.604902029037475586e+00
-9.497285842895507812e+00
-3.875996351242065430e+00
-3.188579320907592773e+00
-1.231045913696289062e+01
-1.241261386871337891e+01
-9.398698806762695312e+00
-9.326386451721191406e+00
-1.957152485847473145e+00
-5.888409137725830078e+00
-1.084577083587646484e+01
-4.143742084503173828e+00
-8.221859931945800781e+00
-6.276665687561035156e+00
-5.803841114044189453e+00
-5.744766235351562500e+00
-5.646078109741210938e+00
-8.880071640014648438e+00
-6.518975734710693359e+00
-5.409830093383789062e+00
-3.546132087707519531e+00
-4.230275630950927734e+00
-6.389252185821533203e+00
-1.339613056182861328e+01
-6.072181701660156250e+00
-6.464190006256103516e+00
-1.388154149055480957e+00
-8.758364677429199219e+00
-8.978972434997558594e+00
5.681924223899841309e-01
-3.918270111083984375e+00
-4.644598960876464844e+00
-4.884438991546630859e+00
-1.236580085754394531e+01
-1.442289113998413086e+00
-6.435462951660156250e+00
-1.253450107574462891e+01
-2.531932294368743896e-01
2.898763895034790039e+00
-8.525034904479980469e+00
2.269313812255859375e+00
-4.049629211425781250e+00
-1.965633988380432129e+00
2.447988271713256836e+00
-3.608801364898681641e+00
-3.142812252044677734e+00
-9.013677597045898438e+00
-6.208018302917480469e+00
-4.862744331359863281e+00
-3.909341812133789062e+00
-6.022675991058349609e+00
-8.434547424316406250e+00
-1.259317398071289062e-01
-4.065472602844238281e+00
-9.329957962036132812e+00
-4.640123367309570312e+00
-9.620235443115234375e+00
-5.852057456970214844e+00
-8.844326972961425781e+00
2.357367515563964844e+00
-1.162370395660400391e+01
-2.453267812728881836e+00
-1.539562940597534180e+00
-6.240584373474121094e+00
-5.035377502441406250e+00
-3.863100767135620117e+00
-6.209922790527343750e+00
-5.112251281738281250e+00
-8.526727676391601562e+00
-3.389177322387695312e+00
-1.034538745880126953e+00
-5.211674213409423828e+00
-3.431343793869018555e+00
-1.846101164817810059e+00
-6.809722423553466797e+00
-4.691472053527832031e+00
-6.656011581420898438e+00
-4.987235069274902344e+00
-8.511197090148925781e+00
-6.870966911315917969e+00
-1.748240590095520020e+00
-1.239021396636962891e+01
-8.769961357116699219e+00
3.276600122451782227e+00
-3.867606163024902344e+00
-7.538573741912841797e+00
-7.041435718536376953e+00
-2.327360868453979492e+00
3.490898847579956055e+00
-1.722699284553527832e+00
-3.122316837310791016e+00
-2.133512973785400391e+00
2.296180725097656250e+00
-5.426192760467529297e+00
-3.809271335601806641e+00
2.509814739227294922e+00
9.966862797737121582e-01
3.560354411602020264e-01
-9.836603164672851562e+00
-6.864142894744873047e+00
-8.792874336242675781e+00
-8.192969322204589844e+00
-1.252203464508056641e+01
-2.978961467742919922e-01
-1.133222293853759766e+01
-2.517214536666870117e+00
-4.593520164489746094e+00
-1.356632614135742188e+01
-7.768197059631347656e+00
2.577323675155639648e+00
-3.764904022216796875e+00
-5.241814136505126953e+00
-2.460380315780639648e+00
-8.056487083435058594e+00
-9.719894409179687500e+00
-1.426277828216552734e+01
2.727508544921875000e+00
-1.033529281616210938e+01
-1.135983943939208984e+01
-1.096303749084472656e+01
-2.409096240997314453e+00
-1.323951601982116699e+00
-7.658148288726806641e+00
2.807422876358032227e-01
-4.486948966979980469e+00
-4.761441707611083984e+00
-7.514996051788330078e+00
-8.473271369934082031e+00
-5.443069934844970703e+00
-7.726054191589355469e+00
-7.720784664154052734e+00
-3.287818908691406250e+00
-8.517710685729980469e+00
-4.992750644683837891e+00
-1.743844151496887207e+00
-3.397555112838745117e+00
3.786512136459350586e+00
-2.888766050338745117e+00
-3.832818508148193359e+00
-1.348478507995605469e+01
-7.074155807495117188e+00
-6.822624206542968750e+00
-4.708540439605712891e+00
-8.386003494262695312e+00
-3.292348384857177734e+00
-2.034916877746582031e+00
-8.498485565185546875e+00
-5.991669654846191406e+00
2.563268899917602539e+00
-2.366116642951965332e-01
-7.771999835968017578e+00
-3.052847385406494141e+00
-4.156113624572753906e+00
-1.215641260147094727e+00
-6.475899696350097656e+00
-6.388756752014160156e+00
-7.399285316467285156e+00
-7.532169342041015625e+00
-8.066897392272949219e+00
-4.498767375946044922e+00
-6.630631446838378906e+00
-2.910181760787963867e+00
-8.824534416198730469e+00
-3.514162540435791016e+00
-2.702851295471191406e+00
2.794611454010009766e+00
-4.602900028228759766e+00
-1.753448367118835449e+00
-4.617842674255371094e+00
-1.622929382324218750e+01
-5.439823150634765625e+00
-3.271729469299316406e+00
-4.256571292877197266e+00
-6.055646419525146484e+00
-6.919953823089599609e+00
2.846333026885986328e+00
-1.655846238136291504e+00
-2.915875196456909180e+00
-2.795925140380859375e+00
-5.938536167144775391e+00
-6.771477699279785156e+00
-3.801492691040039062e+00
-2.680565834045410156e+00
-5.681417465209960938e+00
-1.077566719055175781e+01
-1.216776657104492188e+01
-1.770702958106994629e+00
-1.676254153251647949e+00
-3.720084905624389648e+00
-4.976477622985839844e+00
-3.129876613616943359e+00
2.805286407470703125e+00
-5.360641956329345703e+00
-3.967184782028198242e+00
-6.067037582397460938e+00
-6.253804683685302734e+00
-6.268041610717773438e+00
-5.460102558135986328e+00
-7.072442054748535156e+00
-6.721036434173583984e+00
-4.956394672393798828e+00
-3.415647983551025391e+00
1.103150606155395508e+00
-5.996907711029052734e+00
-3.343969583511352539e+00
-6.956346035003662109e+00
-6.027966499328613281e+00
2.887450933456420898e+00
-2.641639471054077148e+00
-7.262666225433349609e+00
-5.823909759521484375e+00
-5.921439647674560547e+00
-5.236277103424072266e+00
-1.297123241424560547e+01
-7.045536041259765625e+00
-5.565995216369628906e+00
-1.477802848815917969e+01
-4.773679733276367188e+00
-6.729090213775634766e+00
