-7.713846280239522457e-04
3.537204489111900330e-02
-2.114993054419755936e-03
3.037501871585845947e-02
-7.771892123855650425e-04
3.694912046194076538e-02
3.743487410247325897e-03
-2.688881941139698029e-03
3.238275647163391113e-02
4.589348565787076950e-03
2.285681664943695068e-02
-5.880862008780241013e-04
2.245405688881874084e-02
1.830948144197463989e-02
-6.233531516045331955e-03
-4.758316499646753073e-04
-2.838238724507391453e-04
7.097882218658924103e-03
-2.959820267278701067e-04
-1.845571678131818771e-04
-1.402940042316913605e-02
-5.491302581503987312e-04
-5.486645386554300785e-04
-1.989619806408882141e-02
2.067103795707225800e-02
1.043955888599157333e-02
-4.152800829615443945e-04
7.848302833735942841e-03
-8.057921077124774456e-04
2.575192134827375412e-03
2.829186990857124329e-02
-1.008940394967794418e-03
2.451045066118240356e-02
2.593127079308032990e-02
-8.533428423106670380e-03
4.917096230201423168e-04
1.644195243716239929e-02
-5.952528445050120354e-04
-3.493766707833856344e-04
-4.519600188359618187e-04
-2.799143840093165636e-04
-3.628070544436923228e-06
3.875486180186271667e-02
2.222687564790248871e-02
1.777357235550880432e-02
3.478781133890151978e-02
-5.503989523276686668e-04
-7.305262261070311069e-04
6.676998455077409744e-03
1.372847426682710648e-02
-1.106632500886917114e-02
-4.671007627621293068e-04
1.773066446185112000e-02
-4.304200701881200075e-04
3.288012742996215820e-02
1.087464112788438797e-02
1.474876073189079762e-03
1.813577488064765930e-02
4.265286494046449661e-03
5.909592378884553909e-03
1.606408879160881042e-02
-6.598168984055519104e-04
-9.518380276858806610e-03
2.771816030144691467e-02
2.122248709201812744e-02
3.129622340202331543e-02
-6.666733883321285248e-03
4.172259569168090820e-02
1.617517881095409393e-02
-1.778665184974670410e-02
-2.458854578435420990e-04
2.418040111660957336e-02
3.473933553323149681e-03
7.257578894495964050e-03
-1.476184837520122528e-02
3.965603187680244446e-02
-1.981805689865723252e-04
-1.957394182682037354e-02
1.374920271337032318e-02
-6.686805281788110733e-04
-1.105715334415435791e-02
5.266907159239053726e-03
-3.568564425222575665e-04
-3.294824808835983276e-02
-3.319771785754710436e-04
-3.544180945027619600e-04
3.171584103256464005e-03
1.022689859382808208e-03
9.180189110338687897e-03
-1.052153296768665314e-02
2.041575871407985687e-02
-5.065359640866518021e-03
1.304426975548267365e-02
8.018357038963586092e-05
9.518868755549192429e-04
4.135584086179733276e-02
-5.381496157497167587e-04
1.627200096845626831e-02
3.974351566284894943e-03
3.042820096015930176e-02
4.015369713306427002e-02
4.384022578597068787e-02
5.521431565284729004e-02
5.329341627657413483e-03
8.190521039068698883e-03
1.677452214062213898e-02
3.194025531411170959e-02
-4.627010494004935026e-04
5.740899592638015747e-02
5.996741820126771927e-03
2.192789502441883087e-02
3.187952935695648193e-02
1.011215616017580032e-02
-6.215389003045856953e-04
-1.693016290664672852e-02
-2.488160505890846252e-02
2.173451939597725868e-03
-8.500898256897926331e-03
-3.597328811883926392e-02
2.894183387979865074e-03
3.683061897754669189e-02
-8.922623237594962120e-04
9.155295789241790771e-03
-2.622245438396930695e-02
1.167867425829172134e-02
-4.273352213203907013e-03
-4.458951007109135389e-04
4.688840731978416443e-02
3.499861061573028564e-02
1.515406742691993713e-02
-1.457546744495630264e-02
2.723823674023151398e-02
3.790332004427909851e-02
-2.363845519721508026e-02
2.702989429235458374e-02
-4.914435558021068573e-04
-4.051824216730892658e-04
2.129221335053443909e-02
3.486301517114043236e-03
-6.562304915860295296e-04
8.474434725940227509e-03
1.053315866738557816e-02
5.792422220110893250e-03
2.325345017015933990e-02
3.335176268592476845e-03
2.293090149760246277e-02
1.299571897834539413e-02
2.580003999173641205e-02
-1.052260585129261017e-02
-7.457837928086519241e-04
-1.776901818811893463e-02
-2.034639008343219757e-03
2.524008415639400482e-02
5.907877348363399506e-03
-6.696792552247643471e-04
-1.159698609262704849e-02
3.415244072675704956e-02
1.713634654879570007e-02
3.170487657189369202e-02
9.866678155958652496e-03
2.301748842000961304e-02
3.211600333452224731e-02
8.057699538767337799e-03
4.744154401123523712e-03
1.329271588474512100e-02
-4.228854959364980459e-04
-3.482128377072513103e-04
5.716156680136919022e-03
-5.072114872746169567e-04
2.032507583498954773e-02
2.676162868738174438e-03
-4.860750050283968449e-04
1.094084978103637695e-02
-6.593658588826656342e-03
1.430543232709169388e-02
4.442974179983139038e-02
3.430081531405448914e-02
-2.554011764004826546e-03
3.427618741989135742e-02
7.961152493953704834e-02
-6.565615185536444187e-04
-4.705331521108746529e-04
4.317753762006759644e-02
-8.824699558317661285e-03
3.205909952521324158e-02
4.591507092118263245e-02
-1.409476529806852341e-02
4.410448949784040451e-03
-2.076574746752157807e-04
-2.380044572055339813e-02
1.692878082394599915e-02
1.632062345743179321e-02
3.010116051882505417e-04
9.781540138646960258e-04
1.449219044297933578e-02
-1.591086387634277344e-02
2.151945605874061584e-02
-5.894539877772331238e-03
-4.633467178791761398e-04
1.078165974467992783e-02
-7.326814811676740646e-04
1.257594022899866104e-02
3.840497136116027832e-02
-4.838282475247979164e-04
-1.679968461394309998e-02
1.903887838125228882e-02
-5.139093380421400070e-03
3.408359363675117493e-03
-4.880925407633185387e-04
-1.516727171838283539e-02
-8.055738289840519428e-04
8.489897008985280991e-04
-3.200695617124438286e-03
1.551019679754972458e-02
2.868333086371421814e-02
1.042932737618684769e-02
-1.161981956101953983e-03
-4.116405034437775612e-04
2.176567167043685913e-02
-6.012488738633692265e-04
1.685180352069437504e-03
2.204214222729206085e-02
-5.897101946175098419e-04
1.253859139978885651e-02
-3.751617041416466236e-04
4.515916854143142700e-02
-6.103359046392142773e-04
-3.710111195687204599e-04
2.729609236121177673e-02
2.046142518520355225e-02
-7.475194288417696953e-04
-5.867844447493553162e-03
-6.452316418290138245e-03
-3.735215868800878525e-04
4.024310968816280365e-03
3.450132440775632858e-03
8.088450878858566284e-03
1.581886969506740570e-02
3.989518061280250549e-02
7.585290353745222092e-03
3.905943408608436584e-02
2.855852991342544556e-02
2.192542888224124908e-02
-1.255953247891739011e-04
-8.139237761497497559e-03
-7.057731854729354382e-04
-9.931925451382994652e-04
-1.237227488309144974e-02
1.092419866472482681e-02
-4.446796374395489693e-04
-2.452519722282886505e-02
-6.822277791798114777e-03
1.799925416707992554e-02
-8.796209469437599182e-03
-8.212343673221766949e-04
1.854965277016162872e-02
